100001b7

0001b203
fff00313

03935313

00437333
03300393
00731663


00100513

08000863
01300393




00731663

00200513

08000063

00200393
00731663
00200513

06000863
06700393

00731663
00200513 
06000063       
07300393  
00731663     

00200513 
04000863       
02300393  
00731663      
00400513  
04000063        
06300393  

00731663      
00300513  
02000863        
06f00393   
00731663      
00500513  
02000063        
03700393  
00731663       




00600513  

00000863        
01700393  
00731463       
00600513  
00000033 



