00110001011011011100001001100100
01011110101100111000011010100000
10101001110100010011111100101100
11010000111110000000010101101100
11110001000010001100000011110000
11000001010111001001001110110100
11001000101101110100010011111100
10111010110000111110111001101100
01100011001010010111100000001000
00100000101101110100100000111100
01010111011100100010100010100000
00100101011000011001110001110000
11111000110010010010000011010000
00000001100110000011111001011100
10101111100100100101101101011100
11011101111001010101000011101000
10001000010000000110101101011000
10111011110101010010111001111000
11010101011100100101101000001000
10011110000010011010001101101000
11110100010000100010001100110000
01110111100101101100011101000000
00001010010111100001011010111100
10100011111010100000100111010100
11001011101101011001110100111000
10110100111100000010101100010000
01110100011000010100100000001100
01010101100001101011011001110000
00010100110100001111011001111000
00010011000011101011011001110000
01011001111111011110110111101000
00011111110001001110011111101000
11110110001000101000101001110000
00100010000001000000101001101100
01001101110000011111110010010100
00000110000010011000111111000000
01010100110100101111010011000100
00000100000000001000110001111000
00110001001111110101000001101100
00111101100101010110000011111000
10010010000001100010100000100100
00111011100111011010101101001100
10000010000110011101111011101100
11010111011100011011001110111100
11000111010011111000011001110000
10111100000001110101110000010100
10101010000000110100000101101100
00011011000110010000100111001000
10100111011011001001111000110100
10101101011111111010101010111100
01001111101101100111001000100100
01011111001101101111010111100100
00100111110000111111000100110100
01100011010001111101101000011000
10000000011010010101001111101100
00111101000001110101110001011000
11100110100111000011000001110000
00011101101001001101110101110100
10111000100110010100111110011100
10111100011111100111110000100000
10000100111101010010100100100100
01011110001101110011111011101100
11011010101001111101100101110100
10110110001110101000111110010000
11011010100010010100010011000000
00101010010110110111100010000100
10010100110011100001101011100100
00001101011111100110110110010100
00111001110011101111101101001100
01010100001111010011100011001100
11101000010100000010010010011100
11000000011010000100011011011100
01011011010001100000110100010100
11000010101011111100010101101000
01000011001010100000110001010100
10011100100001111101011110110000
01100001010101110100001011000100
11001011100110100101101100111000
01111100110100011011011001001000
11100100111000100101110100111100
10110110000001010110000111101100
01001011100010001111111000001000
00111100010000101000011010000000
11101010100011111110011010111100
10001001010100011110100100100000
00001000000111100011100000111100
10011101010111011001100011101100
10111101100010010100010010001000
00110011000001010001001011011100
10110000111011011111010111100100
11010000000101110111001010001100
10011010000101110110110101000100
00110110111100110111010011000100
10101000000000001110000110010100
10011010101001000010011010000100
00011100010011001100000100010100
10000110000000001110011011000000
00011001100110001001100100001100
00110001100100100011111001100100
01111010000010011010100010110100
00111101100001000101101101101100
01000010011001101110010001111100
11110101011111011010001000011100
01111100111001100000110010000100
01001110111100100000010001100100
00100110100101010100111110110000
00011001001000110000101101000100
10000011011100010111010101011000
10000111000100010111100001011100
01101101111011011111010011000000
11110101101110001011111101011000
10111000010110100000111101010100
00010101110101100010010111010000
10001111100011001011100101001100
11010000100011001000010100010100
01100111111011001111000101011000
01111000001010110000010010100000
11011010000100010101010100111000
11101001011010001111111110010000
01101011001010101111100001000000
11110011110100010110111101110000
10000100011111001100111100000000
11000011100011110101001010111100
11110111011011001110101100010100
00101000011100001111100001110100
10110101111100100000000100101000
11000010110001010100000011011000
10011000111111101111100001101100
01000001111110100000010100011100
00000111000010011010110100111100
01000111001010111100010001100000
01110000000010110011100011001100
10100110101000011110010001001100
11111100110001101000010101000000
00000110111110110001111111000100
01001100100011000101000010110000
11111011101100011011000001001100
10100000011100011001110101100100
11011010111000001111000110001000
00101011100111111111001010011100
10101011001101110110110100111100
01110110001000010011010110110000
00000110110010111011101110101000
11000001010101110011011110100000
00000001010001111001110001100000
11110000111101011000001000110100
11000001000101001110000011100000
00001100100101011010110111100100
11101111000010000010110111000100
00001010110001111100110110000100
00001110010110010100111011011000
10101111110100011010111101001100
11011111001110111010111101010100
01000110011110011011110101010000
11100010100010110100000001100000
01010100100000100100100000001000
00001101010010100101111100101100
01111001100110001111001011010000
00111101010111000001111110101100
11011001010101000001001000001000
01101111100111110100010011010000
01000010111010101001111101000100
00111001100110010011110110001000
00001010011000001110010011100100
01100101100011100011010010101000
00100110100100100101111001100100
00010100101000001010111010000000
11100111100001010001100010000000
01011000111110101111111010011100
10100000011000100101000100011000
10011011111100110110001100010100
00100111010010111001001110101100
10111001100101100101000111101100
10011001110000111101111001010100
00001000110110011001111111101100
10101110011101101011010110010000
11010100001111000110000011011100
11010111011011100111000010111000
10001011110110000011110000100000
01100001000011000110001011110100
11001110110010010011000110110100
10101011110000111101001111110000
11001110000110000001111110001000
11001100110011011111110011101100
00011010101000101001111000011000
01001010111001111010010010110000
00100001111010100010000101011000
00011000101111101010110101001000
10001101010000011111111111111000
10010011010001111110010010001000
11010101100010110011011110000100
11110001100111100011010101011100
10001000001101001110100010101100
10111011101100011001011001010100
10101100110000011100100100111100
11110000010110000010111111011000
11111011010110000010001000110100
10000000101110000011111111111000
11011100100011000110110111101100
11100010000111110110100101110100
10001100111010101001010111011100
10111100011000111010011011010100
10100111001101001100001111000100
10100110111100100110001001001100
00010111110000100111110100101000
10101101100101110101010010101100
11010010101001110001010000100000
00011010101101111101100010100000
11010000110111001110011110010000
10111101110100000011111010101000
00111001000101100000111100010000
11011000101001011001010110001000
00011100100100010101010011110100
10000110110000110110001000101000
11111101010011111010101100001000
10010000000000111000001010000000
01100011010001101101011011011100
00111011111111111101110101000000
01110001011000011010111110101100
10000001100101000011000101101000
10011001001100111010000000000000
10000000011000110110000011111100
11011110011101111011110101111000
00010000000001010110001010001000
01100001010001001001010110111000
00101101100010100101101101001100
01101011001001010000111100110100
00100101111000001100011111111000
11100011010010100000000110001000
00010110110111100010101101010100
10111111011111110100010010101100
10000011101011111100011111100100
00001000001000110001001110100000
01100100010101010111100111011000
00001110010010101001111101101100
01001100000001101101111011001000
10010100000111100111110000101100
00100000101001011100111111001000
10001011101100111110100101101100
11100000000010010101100000111100
11100100110100110001000001111000
01111110101010001010010110001100
10011000001000010110101000000000
00111010010111101110101001000100
11010010101100101010111011110100
10000110111100011001110111011100
10111111100110011011110100111100
10010011111100011001110011010100
10111110000100000110110100000000
00010010001000100011100000110100
11000100110101101010000100111100
11100111110010111011111001000100
00000111111111010000100001110000
10111100001100011110011010000000
00000110110010010100110100001100
10100100100101100110000110010100
01010111100100101011110001101000
10010100001001011010101101111000
11100001000010110110111001010100
10001100111010110000101000000100
11010100011011110001101000011000
01100011100100011111110111011000
11111101011001101110111101011000
01001001110110010101000100100100
11111001111010100000001011100000
01110101101100101011000010111000
10010101010100010100111000011000
00110110111011111111111101011000
01011001010010010001010110111100
11101010110101110100110101101000
01110100101100101101010111100000
10001010010001110010010010110100
11110001111111100001101100011000
01011110011001100110111000100100
01000100110000111110000000110000
11001111111111001010111100100100
11101101010111111000010000010000
00101110110011010110001100000100
00010100001010001001000010101100
11110000000011101000010100100100
01000000101101010101111100010100
10110001011001011000100111011100
11001011111011101001011010111100
00101101001100010000111000000000
01101111101010100111110001010100
00110100111110101101001000110000
01111000011001001010101011111000
01111000101001100101000011100000
10000100111000101101100110001100
10011001101110000100010000110100
10001001000111100111010010011100
00101011110001010100110101001000
01101000000010010011001011001100
01111001000001101010000001100100
00100011110001101010101110101100
01000001111011011001111111000100
10111111100000011110101000000000
00001111001000000010110001100100
01101111101111111111110001101000
00010100000000000110100000110000
11101110110110110111100010110000
10000101001110100011110010101000
11000010000000111001010011100000
01111111110110101001101001110000
00001000101100000011010011100100
00001101000011111000011011100100
10000100011000101111100011001100
11000000101001100000010011000100
11011101000011110110100110000100
10111010111001010010111110100100
11000001110010100010101000010100
01100111011110101110010000111100
01101111001010010110110011100000
10000000110101000101100101110100
01100010010001100000010000010100
00010110111011001100100111010100
11010111011001000111110110111100
10011111110110010110011111010100
00110010010011011011000001110100
00101110100011011111111010001100
11000101000100010011100111110100
10001000111010011101011101011000
10000011001000011001000101010000
01011000100100110101010101100000
11001100111110011110001110010000
10101010101110000000011010001000
11001111100001100101011111111000
10100111011001101010111000011000
01101110011111000011111111110100
00111000101011110011111101010000
11010001001110010000111000001100
10001100101011100101001000000000
10100010001101101011000000111000
11000101000000100000001110011000
10000111100101100000101001101100
10111110011101011001101101101100
11011110010001111000010100001100
11110101001101000111000001111000
10001101001000110101001000010000
11101100000101111011100101101000
01111001000111101101110001100000
11000000100011101111010010000000
11100011000000001011110110100000
11010000110101001000000101011100
01110011010000110100100010001100
00001001110100111010110101001000
00011011011100100101101100011100
11110001000010100001101000010000
00110101111101001010001101000000
00101111010100101100011010000000
10100100101101001000111111000000
01101010001011100110000110111100
00010101100110011000001001000100
00010000001101110110011010010100
10010101110100110001110001110000
10000110100100011110110010010000
10011010011101000001100100001000
10010101010101111000011110110000
01011111110000010010101011011100
01010000110101000110001010101100
11010010100010101100100000111100
00000000010100010010111000110000
10010010000110001111010100111100
11001000011111111110001111010000
00011011100010000011110111011000
00001101001000011001101111000100
10111010100001111011000000011000
01011110101100111000011010100000
10101001110100010011111100101100
11010000111110000000010101101100
11110001000010001100000011110000
11000001010111001001001110110100
11001000101101110100010011111100
10111010110000111110111001101100
01100011001010010111100000001000
00100000101101110100100000111100
01010111011100100010100010100000
00100101011000011001110001110000
11111000110010010010000011010000
00000001100110000011111001011100
10101111100100100101101101011100
11011101111001010101000011101000
10001000010000000110101101011000
10111011110101010010111001111000
11010101011100100101101000001000
10011110000010011010001101101000
11110100010000100010001100110000
01110111100101101100011101000000
00001010010111100001011010111100
10100011111010100000100111010100
11001011101101011001110100111000
10110100111100000010101100010000
01110100011000010100100000001100
01010101100001101011011001110000
00010100110100001111011001111000
00010011000011101011011001110000
01011001111111011110110111101000
00011111110001001110011111101000
11110110001000101000101001110000
00100010000001000000101001101100
01001101110000011111110010010100
10110100101111001000000001000100
01011011001101101111010001000000
00001110010101100000111110010100
10011100011001111010001010000100
01101101110100010100110001010100
01101011000010100011011000101000
01000001010110000000110010101000
11100000110111111011110100011100
11001010000110011000001110111100
11000111111111111100011001100100
01000001101111011101011010010100
00111001001001111100000110111000
00101010010110111110010001000100
01001000101011010010111010111100
10011010110100110111100101001100
10000001100001101001101100101000
00001001001101110100001001010000
10010011101101100000011101000100
11010101111100000000110100010000
01010110111011101100001010000000
10111000111011110111010101110100
01100111100101000111000011011100
11110000011100101010010010111000
10011010101011011001111010100100
00011100101001000101000101110100
10011000111000101001010000111000
11000011000111001111010010011000
00101000011011001101110100100000
01100110101010011011011111000000
10000000011100100000110100000100
10101101000100010111110110101000
11011000110101100111101000110100
11101011000110100100001111010100
10101010001110011101011111111000
00101110100000110011000110010000
10101100110000001110110011101000
00100010100100111101101001000000
00111011001000101011111111011000
01001000000001000011001110011000
01011101011001011001101000101100
10010011100000101001001010111100
11011111100100110100111010101100
10110000000100010010110101000000
10001100111000110100111001100100
11010001100010111011001111011100
01111011011010011110100101110000
00111111010111011010011110110000
01001010011101000110000001001000
10011010111000100100001110111000
10010101111010110011001100101000
00101100100000110111111111000100
01100000111000000010110000101000
01100111111110001000110100011100
10000110001000100001010100100100
00101010111011101111001100011100
10010010011110000110100101000100
11111111110100000000010010001100
00000010011010010100101010010100
11110100101110010010101010000100
10001100000100110011001101000100
00001000101001001001100100011100
10101100011010110000010011100100
10100000000110001010111011111000
01111011010010111001011101111000
11010010110010001110111011110100
01100011011111001011001101111000
00010000101001100001101100111000
01010101000101001111111000101000
10111111010111010111111101111100
11110110101110111001101010011000
11110010110111000110110100001100
01001100100101100010001000101100
01101101001110000010111110010100
10010010011111111011001100011000
00111110011000101000100110011000
11100010011111110011101011111000
10000101000110110101000110000000
10110101000001111001111100011000
00101000001011100011001001010000
01101010101110000110111011101000
01100010000110001011010011010100
10110001001101111110001111111100
11011010110111000001001101000000
00101100100100101101001111011100
11100100101001011011001110111000
01100010001011110011001110110100
01000111000101010000101100100000
00011000010000011010111010111100
11101100110101111110111101111000
10110000001110110010001000010100
10100111011001000011111101000100
01011001111010101110100110111100
00111111101101000100000101011000
10001110111101001101010101010000
10101111100100111100100010010000
00110000000101101110111100101000
00101110101000111101000010101100
10001000010101000010010000111000
01110010010110101000000111100100
11010011000101011001110000110000
00100000001110011010010010001100
11001100101000001011000000001000
01010101001100011001011011011000
10010001011001000011001000011000
01011010100100111100101101111100
01101011101110011001001001110100
01001111000011000001000101110100
10010011101011010100110110111100
10100000001000010100111100010100
11101000100110100111010010000100
10011110110000011110100001100000
01001011011010001011111100011000
01000101010011010110111101101100
11111001111111001111101100111000
11010110000001111101001111110000
00000010000100010111100011101100
00001110101001000110100110110100
10000110001011110110011111100000
10010111100001110101010111001000
01111010010011111010100110100100
11000000011100000101110000000100
00010011100100010100101111010100
01111110010101100010000101011100
01000001010000101010011000100000
11001110001010010010011111011100
01101111000100000000101010100000
10100100001000110001000001010100
01000001111100111000010101011100
00100101101111100111010111110000
01111101010010100000011110101100
10001000000011000100100101011000
10010000001111100011001110110100
11001000000010001110000010010000
01100100111000001000111010100000
11010110010011100100001010010100
10001010111101001011010011001100
01001000000110100100010110100000
11111000110011000000101100110000
11000111000110100101001010011100
01110000010110000100100111110100
10110001110101000010111100000000
11111110000001111111111001100000
00011011111010100100011111111100
10000110001100010000110010010000
10011100101110110000011010111000
00001100000101100001101011000100
01110000110001001010111111010100
00000011100100101100001111010100
01001010010011110101011000110100
10011000100110010100001011011000
01010001111001011010010111110100
01011100010001010111110100100000
01111001001100000010101100000000
10101010000100110001110010001000
00111010111010001001000010101100
00111001100001000100100010111000
00010100111001000110111100000100
10000000100011010100010100011100
00110110011000101100101010010100
10111110011100111100011000111100
01111011100100100101111010101000
10101111011010001100001101101100
11010110000011111101010001000100
01111100101110110110111110011100
00010100000100001100000011111100
11111011001001101101000101110100
11110000110011000010100001010100
01010001100001111001010000010000
00011011101100010101101010111000
01101010111000001111100010000100
10101101111111100111100111100100
01110011111100011111000100011000
10000010111011110100011111011100
11000011100001101111011001001100
01010100101011000100100000101000
00000111000001111010101100000100
10001000001101000010000010001100
10110010100111010010101111101100
11001100000101000010001010000100
11001111101011010101101100100100
10111001100001110111110011011100
01100101000111111011110101000100
11010001101001100000111001101100
00010110110001100110000010010000
01111100001100101111000101110100
01000001000110000100011001011000
01001001110001011100100101100000
11011100101100000110011110100000
00101111000101111100010101110100
00110000101000100001000101000000
11000000010000010100011011111100
11010010100001010110101001010100
01010100010101010000111111000100
01111010100110111001011001101100
10010001111000110100110110010100
00110110110110001010111010001100
00000110010100010000001010100100
01010010010111011100100011000000
10111111101001110001001100010000
00000110010101101111101100000100
11110101001011010010011101101100
11110111111010001100010010011000
11001110010000010010011001000100
10100011010101010001110100011000
00010110000100010011100110011000
00100011101011100001100010110100
11011100010011001111110010010100
01001010110100101110000111100100
00011000001110010101011011000100
01110010101011110110000000101000
11010111101001001110101100110000
10001011011011000000101011100100
10101001110100010011111100101100
11010000111110000000010101101100
11110001000010001100000011110000
11000001010111001001001110110100
11001000101101110100010011111100
10111010110000111110111001101100
01100011001010010111100000001000
00100000101101110100100000111100
01010111011100100010100010100000
00100101011000011001110001110000
11111000110010010010000011010000
00000001100110000011111001011100
10101111100100100101101101011100
11011101111001010101000011101000
10001000010000000110101101011000
10111011110101010010111001111000
11010101011100100101101000001000
10011110000010011010001101101000
11110100010000100010001100110000
01110111100101101100011101000000
00001010010111100001011010111100
10100011111010100000100111010100
11001011101101011001110100111000
10110100111100000010101100010000
01110100011000010100100000001100
01010101100001101011011001110000
00010100110100001111011001111000
00010011000011101011011001110000
01011001111111011110110111101000
00011111110001001110011111101000
11110110001000101000101001110000
00100010000001000000101001101100
01001101110000011111110010010100
10110100101111001000000001000100
01011011001101101111010001000000
00001110010101100000111110010100
10011100011001111010001010000100
01101101110100010100110001010100
01101011000010100011011000101000
01000001010110000000110010101000
11100000110111111011110100011100
11001010000110011000001110111100
11000111111111111100011001100100
01000001101111011101011010010100
00111001001001111100000110111000
00101010010110111110010001000100
01001000101011010010111010111100
10011010110100110111100101001100
10000001100001101001101100101000
00001001001101110100001001010000
10010011101101100000011101000100
11010101111100000000110100010000
01010110111011101100001010000000
10111000111011110111010101110100
01100111100101000111000011011100
11110000011100101010010010111000
10011010101011011001111010100100
00011100101001000101000101110100
10011000111000101001010000111000
11000011000111001111010010011000
00101000011011001101110100100000
01100110101010011011011111000000
10000000011100100000110100000100
10101101000100010111110110101000
11011000110101100111101000110100
11101011000110100100001111010100
10101010001110011101011111111000
00101110100000110011000110010000
10101100110000001110110011101000
00100010100100111101101001000000
00111011001000101011111111011000
01001000000001000011001110011000
01011101011001011001101000101100
10010011100000101001001010111100
11011111100100110100111010101100
10110000000100010010110101000000
10001100111000110100111001100100
11010001100010111011001111011100
01111011011010011110100101110000
00111111010111011010011110110000
01001010011101000110000001001000
10011010111000100100001110111000
10010101111010110011001100101000
00101100100000110111111111000100
01100000111000000010110000101000
01100111111110001000110100011100
10000110001000100001010100100100
00101010111011101111001100011100
10010010011110000110100101000100
11111111110100000000010010001100
00000010011010010100101010010100
11110100101110010010101010000100
10001100000100110011001101000100
00001000101001001001100100011100
10101100011010110000010011100100
10100000000110001010111011111000
01111011010010111001011101111000
11010010110010001110111011110100
01100011011111001011001101111000
00010000101001100001101100111000
01010101000101001111111000101000
10111111010111010111111101111100
11110110101110111001101010011000
11110010110111000110110100001100
01001100100101100010001000101100
01101101001110000010111110010100
10010010011111111011001100011000
00111110011000101000100110011000
11100010011111110011101011111000
10000101000110110101000110000000
10110101000001111001111100011000
00101000001011100011001001010000
01101010101110000110111011101000
01100010000110001011010011010100
10110001001101111110001111111100
11011010110111000001001101000000
00101100100100101101001111011100
11100100101001011011001110111000
01100010001011110011001110110100
01000111000101010000101100100000
00011000010000011010111010111100
11101100110101111110111101111000
10110000001110110010001000010100
10100111011001000011111101000100
01011001111010101110100110111100
00111111101101000100000101011000
10001110111101001101010101010000
10101111100100111100100010010000
00110000000101101110111100101000
00101110101000111101000010101100
10001000010101000010010000111000
01110010010110101000000111100100
11010011000101011001110000110000
00100000001110011010010010001100
11001100101000001011000000001000
01010101001100011001011011011000
10010001011001000011001000011000
01011010100100111100101101111100
01101011101110011001001001110100
01001111000011000001000101110100
10010011101011010100110110111100
10100000001000010100111100010100
11101000100110100111010010000100
10011110110000011110100001100000
01001011011010001011111100011000
01000101010011010110111101101100
11111001111111001111101100111000
11010110000001111101001111110000
00000010000100010111100011101100
00001110101001000110100110110100
10000110001011110110011111100000
10010111100001110101010111001000
01111010010011111010100110100100
11000000011100000101110000000100
00010011100100010100101111010100
01111110010101100010000101011100
01000001010000101010011000100000
11001110001010010010011111011100
01101111000100000000101010100000
10100100001000110001000001010100
01000001111100111000010101011100
11000110100111101011100110101100
11111000001000111111100010000100
10111101010000110010011011010100
00000100001001001011000000110000
01000100110011000110100100101000
10101110111010010111000111011100
00101100011001100100000011010100
10101010111101110111001110011000
10101001111000111011101000010100
11000101001010110010110010001100
00010001111010110111011011011100
11101000001011001001101111110100
10000001101001000011111011111000
01011000111110000010001111110100
00100100010000011101101011011000
11110001111110111010000010010100
01001000111111110100001111101100
01101000100101011100100011100100
10000010011110011101011100100100
10111111110100010110001001101000
10101101001101001110110110111100
10110001011001011000100111011100
11001011111011101001011010111100
00101101001100010000111000000000
01101111101010100111110001010100
00110100111110101101001000110000
01111000011001001010101011111000
01111000101001100101000011100000
10000100111000101101100110001100
10011001101110000100010000110100
10001001000111100111010010011100
00101011110001010100110101001000
01101000000010010011001011001100
01111001000001101010000001100100
00100011110001101010101110101100
01000001111011011001111111000100
10111111100000011110101000000000
00001111001000000010110001100100
01101111101111111111110001101000
00010100000000000110100000110000
11101110110110110111100010110000
10000101001110100011110010101000
11000010000000111001010011100000
01111111110110101001101001110000
00001000101100000011010011100100
00001101000011111000011011100100
10000100011000101111100011001100
11000000101001100000010011000100
11011101000011110110100110000100
10111010111001010010111110100100
11000001110010100010101000010100
01100111011110101110010000111100
01101111001010010110110011100000
10000000110101000101100101110100
01100010010001100000010000010100
00010110111011001100100111010100
11010111011001000111110110111100
10011111110110010110011111010100
00110010010011011011000001110100
00101110100011011111111010001100
11000101000100010011100111110100
10001000111010011101011101011000
10000011001000011001000101010000
01011000100100110101010101100000
11001100111110011110001110010000
10101010101110000000011010001000
11001111100001100101011111111000
10100111011001101010111000011000
01101110011111000011111111110100
00111000101011110011111101010000
11010001001110010000111000001100
10001100101011100101001000000000
10100010001101101011000000111000
11000101000000100000001110011000
10000111100101100000101001101100
10111110011101011001101101101100
11011110010001111000010100001100
11110101001101000111000001111000
10001101001000110101001000010000
11101100000101111011100101101000
01111001000111101101110001100000
11000000100011101111010010000000
11100011000000001011110110100000
11010000110101001000000101011100
01110011010000110100100010001100
00001001110100111010110101001000
00011011011100100101101100011100
11110001000010100001101000010000
00110101111101001010001101000000
00101111010100101100011010000000
10100100101101001000111111000000
01101010001011100110000110111100
00010101100110011000001001000100
00010000001101110110011010010100
10010101110100110001110001110000
10000110100100011110110010010000
10011010011101000001100100001000
10010101010101111000011110110000
01011111110000010010101011011100
01010000110101000110001010101100
11010010100010101100100000111100
00000000010100010010111000110000
10010010000110001111010100111100
11001000011111111110001111010000
00011011100010000011110111011000
00001101001000011001101111000100
10111010100001111011000000011000
01011110101100111000011010100000
10101001110100010011111100101100
11010000111110000000010101101100
11110001000010001100000011110000
11000001010111001001001110110100
11001000101101110100010011111100
10111010110000111110111001101100
01100011001010010111100000001000
00100000101101110100100000111100
01010111011100100010100010100000
00100101011000011001110001110000
11111000110010010010000011010000
00000001100110000011111001011100
10101111100100100101101101011100
11011101111001010101000011101000
10001000010000000110101101011000
10111011110101010010111001111000
11010101011100100101101000001000
10011110000010011010001101101000
11110100010000100010001100110000
01110111100101101100011101000000
00001010010111100001011010111100
10100011111010100000100111010100
11001011101101011001110100111000
10110100111100000010101100010000
01110100011000010100100000001100
01010101100001101011011001110000
00010100110100001111011001111000
00010011000011101011011001110000
01011001111111011110110111101000
00011111110001001110011111101000
11110110001000101000101001110000
00100010000001000000101001101100
01001101110000011111110010010100
10110100101111001000000001000100
01011011001101101111010001000000
00001110010101100000111110010100
10011100011001111010001010000100
01101101110100010100110001010100
01101011000010100011011000101000
01000001010110000000110010101000
11100000110111111011110100011100
11001010000110011000001110111100
11000111111111111100011001100100
01000001101111011101011010010100
00111001001001111100000110111000
00101010010110111110010001000100
01001000101011010010111010111100
10011010110100110111100101001100
10000001100001101001101100101000
00001001001101110100001001010000
10010011101101100000011101000100
11010101111100000000110100010000
01010110111011101100001010000000
10111000111011110111010101110100
01100111100101000111000011011100
11110000011100101010010010111000
10011010101011011001111010100100
00011100101001000101000101110100
10011000111000101001010000111000
11000011000111001111010010011000
00101000011011001101110100100000
01100110101010011011011111000000
10000000011100100000110100000100
10101101000100010111110110101000
11011000110101100111101000110100
11101011000110100100001111010100
10101010001110011101011111111000
00101110100000110011000110010000
10101100110000001110110011101000
00100010100100111101101001000000
00111011001000101011111111011000
01001000000001000011001110011000
01011101011001011001101000101100
10010011100000101001001010111100
11011111100100110100111010101100
10110000000100010010110101000000
10001100111000110100111001100100
11010001100010111011001111011100
01111011011010011110100101110000
00111111010111011010011110110000
01001010011101000110000001001000
10011010111000100100001110111000
10010101111010110011001100101000
00101100100000110111111111000100
01100000111000000010110000101000
01100111111110001000110100011100
10000110001000100001010100100100
00101010111011101111001100011100
10010010011110000110100101000100
11111111110100000000010010001100
00000010011010010100101010010100
11110100101110010010101010000100
10001100000100110011001101000100
00001000101001001001100100011100
10101100011010110000010011100100
10100000000110001010111011111000
01111011010010111001011101111000
11010010110010001110111011110100
01100011011111001011001101111000
00010000101001100001101100111000
01010101000101001111111000101000
10111111010111010111111101111100
11110110101110111001101010011000
11110010110111000110110100001100
01001100100101100010001000101100
01101101001110000010111110010100
10010010011111111011001100011000
00111110011000101000100110011000
11100010011111110011101011111000
10000101000110110101000110000000
10110101000001111001111100011000
00101000001011100011001001010000
01101010101110000110111011101000
01100010000110001011010011010100
10110001001101111110001111111100
11011010110111000001001101000000
00101100100100101101001111011100
11100100101001011011001110111000
01100010001011110011001110110100
01000111000101010000101100100000
00011000010000011010111010111100
11101100110101111110111101111000
10110000001110110010001000010100
10100111011001000011111101000100
01011001111010101110100110111100
00111111101101000100000101011000
10001110111101001101010101010000
10101111100100111100100010010000
00110000000101101110111100101000
00101110101000111101000010101100
10001000010101000010010000111000
01110010010110101000000111100100
11010011000101011001110000110000
00100000001110011010010010001100
11001100101000001011000000001000
01010101001100011001011011011000
10010001011001000011001000011000
01011010100100111100101101111100
01101011101110011001001001110100
01001111000011000001000101110100
10010011101011010100110110111100
10100000001000010100111100010100